37.29379296
37.29379296
37.29379301
37.29379304
37.29379308
37.29379313
37.29379318
37.29379323
37.29379326
37.29379327
37.29379328
37.29379329
37.29379333
37.29379335
37.29379336
37.29379337
37.29379337
37.29379338
37.29379341
37.29379343
37.29379345
37.29379345
37.29379346
37.29379345
37.29379345
37.29379345
37.29379346
37.29379348
37.29379353
37.29379357
37.2937936
37.29379364
37.29379371
37.29379377
37.2937938
37.2937938
37.29379377
37.29379377
37.29379369
37.29379363
37.29379357
37.29379349
37.29379343
37.29379337
37.29379336
37.29379336
37.29379337
37.29379339
37.29379341
37.29379342
37.29377358
37.29377351
37.29377343
37.29377335
37.29377328
37.29377322
37.29377315
37.29377307
37.29377299
37.29377294
37.2937729
37.29377286
37.29377281
37.29377275
37.2937727
37.29377265
37.29377262
37.2937726
37.29377257
37.29377252
37.29377246
37.2937724
37.29377235
37.29377231
37.29377227
37.29377224
37.29377218
37.29377211
37.29377203
37.29377184
37.29377176
37.29377168
37.29377159
37.29377149
37.29377137
37.29377125
37.29377109
37.29377093
37.29377077
37.29377062
37.29377048
37.29377048
37.29377038
37.2937704
37.29377039
37.29377041
37.29377044
37.29377046
37.29377047
37.29377049
37.29377179
37.29377177
37.29377176
37.29377172
37.29377171
37.29377168
37.29377166
37.29377167
37.29377173
37.29377178
37.29377179
37.29377179
37.29377179
37.2937718
37.29377185
37.29377189
37.2937719
37.29377189
37.29377189
37.29377187
37.29377184
37.29377183
37.29377181
37.29377178
37.29377173
37.29377168
37.29377163
37.29377161
37.2937716
37.29377159
37.29377159
37.2937715
37.29377145
37.29377141
37.29377141
37.29377139
37.2937714
37.29377141
37.29377143
37.29377143
37.29377141
37.29377142
37.29377146
37.29377152
37.29377158
37.29377159
37.29377161
37.29377165
37.29377166
37.29377166
