126.9779559
126.9779559
126.9779556
126.9779554
126.9779552
126.9779551
126.977955
126.9779548
126.9779547
126.9779546
126.9779544
126.9779543
126.9779542
126.977954
126.9779539
126.9779538
126.9779536
126.9779535
126.9779533
126.9779531
126.9779529
126.9779527
126.9779525
126.9779523
126.977952
126.9779517
126.9779514
126.977951
126.9779505
126.9779501
126.9779498
126.9779495
126.9779492
126.977949
126.9779487
126.9779485
126.9779482
126.9779482
126.9779478
126.9779475
126.9779473
126.9779471
126.9779469
126.9779468
126.9779467
126.9779466
126.9779465
126.9779465
126.9779464
126.9779463
126.9779206
126.9779205
126.9779203
126.9779202
126.9779201
126.97792
126.9779199
126.9779198
126.9779197
126.9779197
126.9779196
126.9779196
126.9779196
126.9779195
126.9779194
126.9779194
126.9779194
126.9779194
126.9779194
126.9779194
126.9779194
126.9779194
126.9779194
126.9779194
126.9779194
126.9779194
126.9779195
126.9779196
126.9779197
126.9779199
126.9779201
126.9779202
126.9779204
126.9779207
126.9779211
126.9779216
126.977922
126.9779226
126.9779232
126.9779237
126.9779242
126.9779242
126.977925
126.9779252
126.9779253
126.9779253
126.9779254
126.9779254
126.9779254
126.9779254
126.9779227
126.9779227
126.9779227
126.9779227
126.9779228
126.9779228
126.9779229
126.977923
126.9779231
126.9779232
126.9779232
126.9779233
126.9779234
126.9779235
126.9779236
126.9779237
126.9779239
126.977924
126.9779241
126.9779242
126.9779243
126.9779243
126.9779243
126.9779243
126.9779242
126.9779242
126.9779242
126.9779242
126.9779241
126.9779241
126.977924
126.9779241
126.9779241
126.9779241
126.9779241
126.9779242
126.9779243
126.9779243
126.9779244
126.9779244
126.9779245
126.9779247
126.9779248
126.9779249
126.977925
126.977925
126.977925
126.9779251
126.9779252
126.9779252
