126.8941868
126.8941867
126.8941867
126.8941867
126.8941866
126.8941866
126.8941865
126.8941864
126.8941863
126.8941862
126.8941862
126.8941861
126.894186
126.8941859
126.8941859
126.8941858
126.8941858
126.8941858
126.8941857
126.8941856
126.8941856
126.8941855
126.8941855
126.8941854
126.8941854
126.8941854
126.8941854
126.8941855
126.8941855
126.8941855
126.8941855
126.8941855
126.8941855
126.8941856
126.8941856
126.8941856
126.8941856
126.8941856
126.8941856
126.8941856
126.8941856
126.8941856
126.8941856
126.8941856
126.8941856
126.8941856
126.8941856
126.8941856
126.8941855
126.8941855
126.8941264
126.8941264
126.8941264
126.8941264
126.8941264
126.8941264
126.8941264
126.8941264
126.8941264
126.8941263
126.8941263
126.8941262
126.8941261
126.8941261
126.8941261
126.8941261
126.8941259
126.8941259
126.8941259
126.8941258
126.8941258
126.8941257
126.8941256
126.8941255
126.8941255
126.8941255
126.8941254
126.8941254
126.8941254
126.8941253
126.8941253
126.8941253
126.8941252
126.8941252
126.8941252
126.8941252
126.8941252
126.8941252
126.8941252
126.8941251
126.8941252
126.8941252
126.8941252
126.8941253
126.8941253
126.8941253
126.8941253
126.8941253
126.8941253
126.8941253
